15 14 13 1 34 32 24 18 5 23 
25 15 22 30 26 30 12 11 11 21 
6 1 32 26 2 26 31 24 16 4 
14 4 15 32 28 0 28 18 33 13 
19 26 25 24 30 10 22 12 26 23 
29 35 31 17 1 31 27 22 36 17 
18 35 10 20 3 30 32 25 34 18 
6 35 36 26 10 27 6 19 35 28 
9 26 15 34 0 18 14 31 5 28 
15 2 35 25 6 24 14 28 24 12 
11 21 20 17 26 9 10 17 33 6 
19 27 34 33 2 11 15 4 1 21 
25 17 30 9 32 11 9 22 6 12 
18 31 4 16 4 7 18 11 11 14 
9 10 9 35 5 4 32 11 1 3 
33 0 14 2 28 13 5 3 5 33 
5 4 16 19 2 1 17 16 12 5 
18 34 10 27 12 25 33 15 1 1 
0 19 10 29 33 32 23 21 15 10 
26 21 25 36 17 33 5 26 24 17 
18 31 9 31 0 14 24 35 25 26 
9 29 17 27 24 18 6 9 14 2 
19 23 11 14 2 11 8 23 36 30 
24 19 33 20 2 14 11 9 27 5 
28 21 33 26 28 18 7 15 26 31 
28 30 15 23 25 30 29 0 7 25 
4 26 21 5 15 1 5 22 4 32 
6 22 14 28 20 26 22 9 13 8 
31 17 2 19 2 28 18 16 14 34 
9 4 35 30 19 30 11 18 32 27