16 17 31 31 23 23 10 1 9 6 
17 11 19 22 20 34 28 24 15 22 
33 22 26 1 18 30 5 8 3 3 
26 11 13 3 16 15 22 13 19 25 
36 10 19 13 1 31 25 20 34 4 
31 34 13 26 30 24 12 16 33 7 
24 7 0 14 3 6 3 12 36 18 
16 36 22 23 33 7 3 18 3 24 
4 18 27 15 22 21 4 4 20 24 
17 34 34 4 31 17 2 34 25 18 
14 34 17 14 25 24 23 14 26 28 
17 0 7 13 7 25 9 19 30 25 
0 36 27 26 8 15 9 6 2 25 
19 19 9 20 36 25 13 31 34 23 
0 12 25 20 19 10 29 11 20 13 
23 4 3 17 8 33 7 21 6 20 
5 30 22 22 16 20 8 20 10 24 
19 2 6 25 30 19 0 14 23 8 
15 6 24 17 30 12 20 16 6 15 
3 21 16 36 35 32 8 35 34 36 
36 25 6 17 3 13 25 19 16 16 
0 7 24 14 21 17 25 19 26 7 
30 7 29 32 19 28 29 33 23 22 
24 14 4 20 21 6 18 2 23 28 
27 34 11 24 8 28 35 25 11 14 
20 14 3 26 35 29 3 13 5 26 
11 7 29 19 2 20 31 30 20 10 
8 5 6 22 36 4 0 27 23 7 
18 21 9 2 35 6 9 17 23 34 
20 33 18 35 9 28 16 16 7 9 
5 32 30 27 24 23 32 27 5 27 
9 1 33 15 26 21 21 5 35 33 
25 19 5 12 30 7 16 32 1 18 
26 13 0 30 7 18 29 27 32 0 
13 5 31 35 1 18 6 11 0 3 
10 14 30 25 9 25 18 2 1 14 
9 7 29 28 34 28 15 10 33 7 
10 21 22 27 5 17 13 24 23 22 
28 36 4 33 14 5 9 10 4 17 
21 29 21 25 7 21 14 15 36 15 
1 22 35 35 5 22 25 2 35 7 
24 26 16 22 8 20 18 1 3 1 
34 10 21 0 17 25 11 0 32 3 
11 6 0 10 10 4 2 34 2 33 
18 6 13 27 20 22 27 34 21 36 
28 6 19 5 25 31 9 20 21 27 
36 36 24 15 11 13 17 12 4 33 
13 2 11 0 30 36 11 3 4 33 
3 33 22 9 35 32 2 11 4 4 
6 18 8 22 35 35 33 18 1 26 
9 32 5 11 4 14 15 27 4 33 
12 5 9 36 2 16 27 2 15 1 
14 14 3 23 21 17 30 12 10 6 
3 3 13 3 12 24 24 26 27 36 
0 13 33 17 11 16 3 7 19 3 
22 25 13 31 16 9 36 30 33 10 
24 33 5 36 4 7 14 36 14 35 
28 33 26 10 31 19 3 9 2 26 
0 15 25 34 16 28 9 13 32 20 
36 19 6 28 14 28 7 23 17 14 
33 1 1 33 33 15 32 28 27 30 

20 7 8 27 23 5 28 17 11 3
3 9 16 20 18 24 3 28 21 28
25 28 24 26 3 7 8 1 27 6 
26 22 19 1 7 1 24 30 8 12 
22 34 8 10 36 33 17 13 36 22 
27 30 13 7 31 9 33 23 18
15 29 15 26 0 24 25 3 1 10 
30 14 15 3 26 36 19 12 29 6 
10 32 14 34 31 9 10 11 19 18 
36 36 35 33 29 30 20 16 28 31 
6 35 2 29 24 10 34 22 9 19 
24 29 32 20 12 5 21 30 22 33 
28 19 33 20 31 15 28 18 34 16 
16 32 0 27 17 11 10 4 22 10 
16 25 27 22 10 11 27 4 21 10 
36 26 3 23 10 13 10 10 18 4 
24 24 4 7 23 1 12 28 1 24 
9 19 31 20 17 18 27 13 11 4 
3 11 16 22 26 26 3 36 1 28 
7 34 7 21 10 27 23 35 10 5 
27 1 17 32 26 21 3 14 1 18 
3 35 13 11 21 32 12 18 20 22 
24 10 22 29 7 23 3 35 31 21 
35 33 1 19 29 34 8 13 2 20 
28 28 19 2 0 29 22 9 7 13 
23 30 8 16 12 35 6 34 5 21 
8 24 0 16 24 15 14 35 29 6 
19 18 18 21 29 13 12 32 32 31 
16 22 28 7 22 11 4 2 12 35 
22 23 29 31 5 23 6 6 22 27 
4 27 16 24 25 17 6 8 25 14 
29 19 1 1 26 21 30 17 32 34


