7 33 2 6 19 10 0 0 15 21 
15 26 20 8 5 27 30 8 34 19 
11 9 9 1 12 34 9 9 2 23 
14 12 13 31 31 34 7 8 23 5 
0 34 10 24 26 21 8 7 1 20 
22 36 21 25 11 30 10 18 19 13 
11 2 29 11 11 24 32 10 5 16 
30 13 0 7 13 32 10 14 2 25 
30 4 32 1 29 8 18 21 30 33 
31 27 27 11 26 0 3 22 8 6 
9 5 2 15 28 16 12 31 29 27 
14 36 0 30 0 19 16 30 26 3 
19 35 14 9 35 31 1 25 20 29 
11 11 17 22 34 25 15 4 25 31 
32 31 9 7 1 13 33 31 14 24 
3 13 1 12 19 17 19 27 22 14 
9 3 35 32 18 33 22 0 19 29 
8 20 25 23 29 34 0 31 36 12 
9 5 32 9 3 1 2 5 35 12 
35 1 27 18 20 24 2 5 9 6 
23 29 28 15 19 11 27 18 11 22 
8 34 11 17 19 3 33 23 3 36 
22 22 5 30 34 18 8 21 10 31 
0 1 5 2 19 8 21 13 26 16 
16 18 30 10 14 4 0 20 20 7 
16 2 14 32 23 14 21 21 18 19 
13 18 27 6 12 35 8 11 3 32 
0 19 29 30 21 14 0 21 8 3 
14 11 3 35 8 29 16 34 34 34 
0 21 12 31 13 10 33 33 0 27 
17 6 17 34 18 29 26 21 12 8

Streak 2 bet on different, same as before:
example 18 29 26 21 12 8:
result 18

As before (same): 1 1
Different (not as before): 1

