20 5 8 31 16 25 2 1 6 18 
22 3 16 21 32 19 11 0 31 16
15 2 11 32 6 0 13 18 20 27
7 27 15 30 19 12 9 15 32 33
5 1 1 33 14 16 22 3 1 28
22 31 1 3 12 26 28 24 7 12
13 1 11 22 19 15 20 32 19 13
31 19 30 22 4 18 9 31 9 24
17 21 29 28 10 4 22 36 0 7
28 35 26 34 18 22 6 2 29 29
35 20 25 23 22 10 17 21 16 21
22 2 10 16 16 27 8 21 8 5 
35 24 22 18 14 32 22 25 0 17
31 5 29 22 32 3 13 31 20 20
31 30 5 29 22 29 22 25 31 3
28 32 25 35 32 10 21 22 26 28
34 2 25 10 33 4 2 8 35 15
27 8 30 17 20 15 29 27 28 12
21 20 19 30 21 7 36 3 22 32
19 22 2 14 1 29 32 25 30 5
34 14 12 34 32 31 13 26 5 1
30 16 14 28 1 12 10 24 16 6
1 4 5 36 33 31 11 14 31 3
0 9 11 15 24 19 36 7 32 5
18 1 15 11 5 8 11 30 0 2
14 24 22 7 9 19 22 3 26 19
36 2 30 10 28 0 21 14 11 19
15 23 23 5 30 32 21 18 11 27
2 23 16 10 8 17 1 1 25 2
20 16 36 10 25 18 25 30 17 9


27 0 8 9 32 20 35 23 25 36 
1 12 29 33 11 7 30 13 31 25 
34 4 2 27 14 35 16 23 8 26 
11 25 23 3 21 24 27 16 13 11 
31 3 15 16 1 18 15 20 8 11
32 19 13 2 18 17 18 8 24 19
3 31 16 32 0 5 14 12 0 27
12 25 9 15 19 35 27 3 16 0
36 29 14 6 32 36 14 10 2 28
35 31 32 1 23 30 29 4 0 33
26 1 26 21 17 25 4 25 35 5 
11 16 19 33 23 4 30 31 14 11
5 12 33 23 26 6 35 14 9 23
26 6 35 14 9 23 25 2 12 19
22 10 23 18 20 24 20 32 8 6
12 3 32 2 24 14 29 35 24 16 
19 26 6 12 17 34 10 34 27 3
5 6 15 16 17 13 1 26 6 23
17 30 9 26 12 34 21 25 9 20
21 32 25 19 21 13 14 6 16 33
10 31 20 34 30 24 4 35 10 22
34 24 23 6 20 18 15 14 22 3
23 20 10 23 4 26 21 1 29 8
11 32 14 27 29 10 7 33 36 31
12 3 8 20 17 34 31 6 13 33 
18 1 0 27 18 5 26 29 4 0
2 16 1 18 12 24 14 3 10 19
22 14 32 0 19 4 29 27 15 20


33 18 1 0 27 18 5 26 29 4 
0 2 16 1 18 12 24 14 3 10
19 22 14 32 0 19 4 29 27 15
20 24 35 12 34 9 17 5 9 14 
25 19 9 31 12 36 8 3 21 36 
33 5 3 36 14 25 29 4 9 18
6 16 14 28 30 18 18 4 9 31
21 30 20 8 29 3 20 25 0 9 
30 19 23 19 5 4 11 2 28 28
33 18 5 4 32 35 36 24 27 25 
33 11 26 0 14 13 18 0 11 16
22 3 16 30 14 8 9 25 36 2 
10 8 15 21 20 11 15 18 34 0 
30 12 3 3 32 12 14 19 32 18 
28 30 27 7 23 29 4 3 31 18 
24 18 5 13 4 30 11 25 8 1
29 2 28 5 23 22 7 24 22 13 
35 15 25 25 11 22 26 14 25 36 
10 18 4 21 32 5 25 27 3 32 
19 21 10 26 15 10 0 18 33 27
11 22 26 14 25 36 10 18 4 
21 32 5 25 27 3 32 19 21 10 
26 15 10 0 18 33 27 11 22 5
33 27 34 4 20 6 6 24 18 0 34
35 4 14 19 5 19 11 25 10 32
10 29 14 8 13 25 15 1 7 33 
26 36 32 25 2 16 21 33 4 15
9 28 4 28 11 11 7 13 26 35
14 20 25 35 7 26 26 24 34 9
4 35 25 18 35 28 14 18 32 2 
16 9 34 12 9 25 18 26 12 16 
7 22 0 26 8 35 1 35 19 26 
14 18 8 33 29 7 5 12 20 3 
35 35 19 7 36 11 22 24 28 9
7 22 33 22 28 31 35 36 25 35
34 33 18 28 15 19 14 36 16 32
22 31 26 27 8 3 29 31 36 18 
27 12 29 22 20 13 14 29 29 10
16 25 30 18 17 32 7 14 19 6
11 9 10 26 28 5 27 13 25 13
24 27 4 28 34 5 32 34 18 21
24 1 1 21 21 28 4 21 24 18
5 31 31 8 18 18 17 26 11 19
33 5 9 25 16 0 6 35 9 25
29 6 16 19 16 1 30 22 16 26
5 34 8 17 13 5 27 30 11 25
3 11 3 6 19 15 21 28 17 0
3 15 33 29 11 20 4 34 0 23
28 23 3 14 7 29 2 13 18 24
19 17 35 22 11 33 31 18 34 25
25 24 18 24 29 9 9 6 15 36
5 34 9 19 16 1 8 13 19 4
32 13 27 17 31 10 4 13 30 31